# This file may be used to create an environment using:
# $ conda create --name <env> --file <this file>
# platform: win-64
# created-by: conda 25.1.1
beautifulsoup4=4.13.3=pyha770c72_0
brotli-python=1.1.0=py311hda3d55a_2
bzip2=1.0.8=h2466b09_7
ca-certificates=2025.1.31=h56e8100_0
certifi=2024.12.14=pyhd8ed1ab_0
cffi=1.17.1=py311he736701_0
charset-normalizer=3.4.1=pyhd8ed1ab_0
h2=4.2.0=pyhd8ed1ab_0
hpack=4.1.0=pyhd8ed1ab_0
hyperframe=6.1.0=pyhd8ed1ab_0
idna=3.10=pyhd8ed1ab_1
intel-openmp=2024.2.1=h57928b3_1083
libblas=3.9.0=28_h576b46c_mkl
libcblas=3.9.0=28_h7ad3364_mkl
libexpat=2.6.4=he0c23c2_0
libffi=3.4.2=h8ffe710_5
libhwloc=2.11.2=default_ha69328c_1001
libiconv=1.17=hcfcfb64_2
liblapack=3.9.0=28_hacfb0e4_mkl
liblzma=5.6.4=h2466b09_0
libsqlite=3.48.0=h67fdade_1
libwinpthread=12.0.0.r4.gg4f2fc60ca=h57928b3_9
libxml2=2.13.5=he286e8c_1
libxslt=1.1.39=h3df6e99_0
libzlib=1.3.1=h2466b09_2
lxml=5.3.0=py311hf779c20_2
mkl=2024.2.2=h66d3029_15
numpy=2.2.2=py311h5e411d1_0
openssl=3.4.0=ha4e3fda_1
pandas=2.2.3=py311hcf9f919_1
pip=25.0=pyh8b19718_0
pycparser=2.22=pyh29332c3_1
pysocks=1.7.1=pyh09c184e_7
python=3.11.11=h3f84c4b_1_cpython
python-dateutil=2.9.0.post0=pyhff2d567_1
python-tzdata=2025.1=pyhd8ed1ab_0
python_abi=3.11=5_cp311
pytz=2024.1=pyhd8ed1ab_0
requests=2.32.3=pyhd8ed1ab_1
setuptools=75.8.0=pyhff2d567_0
six=1.17.0=pyhd8ed1ab_0
soupsieve=2.5=pyhd8ed1ab_1
tbb=2021.13.0=h62715c5_1
tk=8.6.13=h5226925_1
typing-extensions=4.12.2=hd8ed1ab_1
typing_extensions=4.12.2=pyha770c72_1
tzdata=2025a=h78e105d_0
ucrt=10.0.22621.0=h57928b3_1
urllib3=2.3.0=pyhd8ed1ab_0
vc=14.3=h5fd82a7_24
vc14_runtime=14.42.34433=h6356254_24
vs2015_runtime=14.42.34433=hfef2bbc_24
wheel=0.45.1=pyhd8ed1ab_1
win_inet_pton=1.1.0=pyh7428d3b_8
zstandard=0.23.0=py311h53056dc_1
zstd=1.5.6=h0ea2cb4_0
